# Created by Octave 8.2.0, Sun Jun 25 10:32:37 2023 -04 <ec@Buzz>
# name: x
# type: matrix
# rows: 66
# columns: 1
 422.63185483870973
 433.86673387096778
 454.83850806451608
 479.55524193548388
 505.76995967741937
 530.48669354838717
 555.95241935483875
 601.64092741935485
 609.13084677419363
 621.11471774193546
 634.59657258064522
 651.07439516129034
 678.78709677419363
 702.00584677419363
 716.98568548387107
 736.45947580645168
 712.49173387096778
 684.0300403225807
 649.57641129032265
 623.36169354838717
 579.92016129032265
 525.99274193548388
 493.78608870967741
 456.33649193548388
 402.4090725806451
 358.2185483870968
 332.00383064516132
 308.78508064516132
 290.06028225806449
 257.10463709677424
 240.62681451612903
 214.41209677419354
 188.19737903225806
 169.47258064516129
 147.75181451612903
 127.52903225806449
 102.06330645161287
 84.836491935483821
 60.868749999999949
 44.390927419354796
 33.905040322580589
 19.674193548387052
 20.423185483870924
 21.921169354838668
 23.419153225806411
 25.666129032258027
 29.411088709677358
 49.633870967741899
 87.083467741935436
 111.05120967741931
 126.78004032258062
 144.75584677419354
 189.6953629032258
 233.88588709677416
 265.3435483870968
 287.064314516129
 295.30322580645156
 299.79717741935485
 305.78911290322583
 323.01592741935485
 341.74072580645156
 355.97157258064522
 370.95141129032254
 396.41713709677413
 414.39294354838705
 422.63185483870973


# name: y
# type: matrix
# rows: 66
# columns: 1
 437.12569808467742
 429.63577872983871
 427.38880292338712
 434.12973034274194
 441.61964969758071
 448.36057711693547
 455.10150453629035
 471.57932711693547
 448.36057711693547
 423.64384324596773
 400.42509324596773
 365.97146421370968
 315.04001260080645
 269.35150453629029
 238.64283518145157
 207.93416582661285
 192.95432711693547
 175.72751260080645
 159.99868195564511
 153.25775453629029
 153.25775453629029
 156.25372227822578
 156.25372227822578
 151.75977066532255
 142.77186743951609
 119.5531174395161
 99.330335181451588
 85.848480342741894
 82.852512600806406
 88.09545614919351
 83.601504536290278
 72.366625504032228
 55.139810987903175
 38.661988407258022
 23.682149697580599
 16.941222278225752
 13.196262600806406
 13.945254536290278
 11.698278729838663
 13.945254536290278
 13.945254536290278
 26.678117439516086
 62.629730342741894
 96.3343674395161
 122.54908518145159
 141.27388356854834
 151.01077872983871
 154.00674647177419
 155.50473034274194
 178.72348034274194
 208.68315776209676
 231.15291582661285
 246.13275453629029
 246.88174647177419
 250.62670614919352
 262.61057711693547
 282.08436743951614
 303.8051335685484
 327.0238835685484
 347.24666582661291
 361.47751260080645
 375.70835937499999
 389.19021421370968
 411.65997227822584
 428.88678679435486
 437.12569808467742


